0 100
1 108,88790129492334
2 118,56565491263521
3 129,10343591267537
4 140,57765082025392
5 153,07149036198248
6 166,67553111619145
7 181,4883903854728
8 197,61743897451876
9 215,17957696374668
10 234,3020780111983
11 255,12350819454815
12 277,79472592471404
13 302,47997002569036
14 329,3580436851874
15 358,6236026410252
16 390,48855668277577
17 425,1835943208627
18 462,9598413103944
19 504,09066461881406
20 548,8736343995505
21 597,6326575829646
22 650,720297825849
23 708,5202977764703
24 771,4503209185973
25 839,9649316600437
26 914,5588338337443
27 995,7703893868124
28 1084,185440749553
29 1180,4414622056179
30 1285,232067529238
31 1399,3119032175637
32 1523,501958826101
33 1658,6953282118432
34 1805,8634578986544
35 1966,0629212967667
36 2140,442760123645
37 2330,2524370736446
38 2536,8504465506703
39 2761,713633087302
40 3006,4472698944182
41 3272,7959527775133
42 3562,6553673698822
43 3878,084990207022
44 4221,321786525203
45 4594,794969718165
46 5001,1418890181685
47 5443,225113047822
48 5924,150777258776
49 6447,288262744672
50 7016,291272268146
51 7635,120366317402
52 8308,067017307692
53 9039,77923332191
54 9835,288793647436
55 10700,040126364425
56 11639,920842868214
57 12661,29392490096
58 13771,031535801616
59 14976,550398579278
60 16285,84864834233
61 17707,54402480443
62 19250,91322124362
63 20925,93214861841
64 22743,31680678268
65 24714,564378205163
66 26851,99407273834
67 29168,787154453
68 31679,025473311554
69 34397,727705855206
70 37340,88238101904
71 40525,47663123659
72 43969,51946756313
73 47692,05823405875
74 51713,18675573784
75 56054,04356196544
76 60736,79845069453
77 65784,62556737449
78 71221,66111624295
79 77072,94381297748
80 83364,33623938712
81 90122,42538665797
82 97374,40088723671
83 105147,90974927998
84 113470,88683195249
85 122371,36084118788
86 131877,23628488826
87 142016,05259789684
88 152814,722515738
89 164299,2527175056
90 176494,45073729948
91 189423,6231148848
92 203108,27066543745
93 217567,7875346235
94 232819,17130561595
95 248876,75177825813
96 265751,94609501364
97 283453,04760548583
98 301985,0552228551
99 321349,5490373248
100 341544,61664555175
101 362564,8330888236
102 384401,2955466859
103 407041,71210364584
104 430470,5420997713
105 454669,18389601697
106 479616,20442643395
107 505287,60374838446
108 531657,1069905955
109 558696,4756620403
110 586375,8302192804
111 614663,9760680324
112 643528,725748142
113 672937,2108576546
114 702856,1782418503
115 733252,2660367702
116 764092,2562483761
117 795343,3016113408
118 826973,1254601652
119 858950,1942269052
120 891243,8629335256
121 923824,4946631227
122 956663,5554726525
123 989733,6865572699
124 1023008,7557050028
125 1048479,4212132009
126 1074578,8478601861
127 1101322,1435327537
128 1128724,747399203
129 1156802,4346973822
130 1185571,3213834995
131 1215047,868619564
132 1245248,8870754915
133 1276191,5410199622
134 1307893,352172031
135 1340372,203283281
136 1373646,3414179403
137 1407734,3808958826
138 1442655,3058607539
139 1478428,4724326413
140 1515073,6104016965
141 1552610,824415945
142 1591060,594613155
143 1630443,776643083
144 1670781,6010226754
145 1712095,6717628553
146 1754407,9642013847
147 1797740,821971944
148 1842116,9530350105
149 1887559,4246913644
150 1934091,6574940865
151 1981737,4179697474
152 2030520,8100541395
153 2080466,2651423614
154 2131598,5306473626
155 2183942,6569551937
156 2237523,9826592156
157 2292368,1179494224
158 2348500,9260268556
159 2405948,5024068723
160 2464737,1519688237
161 2524893,3636035365
162 2586443,7823039657
163 2649415,1785385194
164 2713834,414740978
165 2779728,408745682
166 2847124,0939919017
167 2916048,37631707
168 2986528,087155068
169 3058589,9329530797
170 3132260,440618871
171 3207565,8988098586
172 3284532,2948762327
173 3363185,2472728468
174 3443549,933258885
175 3525651,011710642
176 3609512,5408814065
177 3695157,8909537024
178 3782609,651243291
179 3871889,531931715
180 3963018,2602250613
181 4056015,470861383
182 4150899,5909182057
183 4247687,718905045
184 4346395,498164242
185 4447036,984647014
186 4549624,509180651
187 4654168,534397624
188 4760677,506558137
189 4869157,702564589
190 4979613,0725395875
191 5092045,078418577
192 5206452,529093739
193 5322831,412737411
194 5441174,727030459
195 5561472,308123359
196 5683710,659264579
197 5807872,780141205
198 5933937,998089713
199 6061881,802448946
200 6191675,683441169
201 6323286,977078898
202 6456678,717702812
203 6591809,499857337
204 6728633,351302902
205 6867099,619044599
206 7007152,870323302
207 7148732,81056399
208 7291774,2203040775
209 7436206,913128767
210 7581955,7166177
211 7728940,478254541
212 7877076,098165897
213 8026272,59043567
214 8176435,17458382
215 8327464,398603102
216 8479256,294713106
217 8631702,568718003
218 8784690,823543983
219 8938104,817186387
220 9091824,75491842
221 9245727,61520706
222 9399687,50835298
223 9553576,066426264
224 9707262,862615842
225 9860615,857656373
226 10013501,87055048
227 10165787,070376568
228 10317337,485572487
229 10468019,526722899
230 10617700,518562682
231 10766249,236648956
232 10913536,443958081
233 11059435,422537977
234 11203822,495295472
235 11346577,53302641
236 11487584,441904612
237 11626731,626833897
238 11763912,426332695
239 11899025,514958823
240 12031975,26968626
241 12162672,09710811
242 12291032,71885061
243 12416980,41313132
244 12540445,210968778
245 12661364,046138663
246 12779680,858560795
247 12895346,651379988
248 13008319,502560576
249 13118564,532338962
250 13226053,828361565
251 13330766,33076937
252 13432687,679868737
253 13531810,029346758
254 13628131,82824538
255 13721657,575100876
256 13812397,547784206
257 13900367,5126456
258 13985588,416576287
259 14068086,065556064
260 14147890,793162549
261 14225037,122382026
262 14299563,423889289
263 14371511,573760938
264 14440926,613359764
265 14507856,413883384
266 14572351,347814184
267 14634463,969245354
268 14694248,70479457
269 14751761,556557002
270 14807059,81829689
271 14860201,80583507
272 14911246,602361133
273 14960253,819185765
274 15007283,372252224
275 15052395,274547335
276 15095649,44439206
277 15137105,529449774
278 15176822,746166734
279 15214859,734253231
280 15251274,425724756
281 15286123,927949391
282 15319464,420089338
283 15351351,062279852
284 15381837,91685669
285 15410977,880922185
286 15438822,629529001
287 15465422,568758255
288 15490826,79797392
289 15515083,080547012
290 15538237,822360104
291 15560336,057424089
292 15581421,439964175
293 15601536,242359784
294 15620721,358352806
295 15639016,310969925
296 15656459,264636712
297 15673087,04099374
298 15688935,137957338
299 15704037,751599746
300 15718427,800454855
301 15732136,951886294
302 15745195,65018413
303 15757633,14608478
304 15769477,527435714
305 15780755,750752185
306 15791493,673437404
307 15801716,086460343
308 15811446,747306647
309 15820708,413038036
310 15829522,873314008
311 15837910,983246783
312 15845892,695976185
313 15853487,094865698
314 15860712,425234212
315 15867586,125550134
316 15874124,858025646
317 15880344,53855889
318 15886260,365981033
319 15891886,850573327
320 15897237,84182666
321 15902326,555422764
322 15907165,599422073
323 15911766,999648545
324 15916142,224266367
325 15920302,207547585
326 15924257,372833258
327 15928017,654693935
328 15931592,520297889
329 15934990,989997946
330 15938221,6571497
331 15941292,707175614
332 15944211,935890889
333 15946986,76710816
334 15949624,269538999
335 15952131,173010942
336 15954513,884019295
337 15956778,5006334
338 15958930,826777281
339 15960976,38590472
340 15962920,434088867
341 15964767,972546386
342 15966523,759616034
343 15968192,322211333
344 15969777,966766698
345 15971284,789696125
346 15972716,687383095
347 15974077,36572
348 15975370,349214967
349 15976598,989683451
350 15977766,474541558
351 15978875,834717534
352 15979929,952197382
353 15980931,567220038
354 15981883,285137083
355 15982787,582951423
356 15983646,815548876
357 15984463,221636128
358 15985238,929398004
359 15985975,961886544
360 15986676,242153857
361 15987341,59814032
362 15987973,767329175
363 15988574,401178174
364 15989145,069338478
365 15989687,263670586
366 15990202,402066678
367 15990691,832088353
368 15991156,834428366
369 15991598,626204588
370 15992018,364094073
371 15992417,147314752
372 15992796,020461962
373 15993155,97620668
374 15993497,957862051
375 15993822,861824455
376 15994131,539895143
377 15994424,801488135
378 15994703,415729847
379 15994968,113455655
380 15995219,589108367
381 15995458,502543328
382 15995685,480744688
383 15995901,119457126
384 15996105,984737143
385 15996300,614427825
386 15996485,519560814
387 15996661,185689015
388 15996828,074153444
389 15996986,623287419
390 15997137,24956116
391 15997280,348669738
392 15997416,296567105
393 15997545,450448917
394 15997668,149686603
395 15997784,716715109
396 15997895,457876602
397 15998000,664222287
398 15998100,612274405
399 15998195,564750383
400 15998285,771251
401 15998371,468914349
402 15998452,883037271
403 15998530,227665905
404 15998603,706156839
405 15998673,511710342
406 15998739,827877063
407 15998802,829039497
408 15998862,680869479
409 15998919,540762892
410 15998973,55825272
411 15999024,875401521
412 15999073,627174342
413 15999119,941793047
414 15999163,941072982
415 15999205,740742853
416 15999245,45074866
417 15999283,175542466
418 15999319,014356766
419 15999353,06146517
420 15999385,40643008
421 15999416,134338012
422 15999445,326023167
423 15999473,058279853
424 15999499,404064309
425 15999524,432686435
426 15999548,209991978
427 15999570,798535604
428 15999592,25774533
429 15999612,644078756
430 15999632,01117149
431 15999650,409978159
432 15999667,88890638
433 15999684,493944043
434 15999700,268780231
435 15999715,254920103
436 15999729,491794039
437 15999743,016861333
438 15999755,865708703
439 15999768,072143886
440 15999779,66828455
441 15999790,684642764
442 15999801,150205253
443 15999811,09250964
444 15999820,53771688
445 15999829,510680068
446 15999838,035009816
447 15999846,13313636
448 15999853,826368567
449 15999861,134949982
450 15999868,078112092
451 15999874,67412491
452 15999880,94034504
453 15999886,893261341
454 15999892,548538307
455 15999897,92105727
456 15999903,024955563
457 15999907,873663703
458 15999912,479940733
459 15999916,85590779
460 15999921,013079997
461 15999924,962396752
462 15999928,714250522
463 15999932,278514175
464 15999935,664566968
465 15999938,881319217
466 15999941,937235747
467 15999944,840358157
468 15999947,598325986
469 15999950,218396816
470 15999952,707465358
471 15999955,072081607
472 15999957,318468064
473 15999959,452536121
474 15999961,479901608
475 15999963,405899573
476 15999965,235598316
477 15999966,973812735
478 15999968,625116985
479 15999970,193856522
480 15999971,684159532
481 15999973,099947797
482 15999974,444947015
483 15999975,722696604
484 15999976,936559012
485 15999978,089728568
486 15999979,185239889
487 15999980,225975864
488 15999982,714675238
489 15999985,078940077
490 15999987,324992029
491 15999989,458741674
492 15999991,48580407
493 15999993,411513526
494 15999995,240937646
495 15999996,978890657
496 15999998,629946081
497 16000000,198448768
498 16000001,688526329
499 16000003,104099998
500 16000004,448894953
501 16000005,726450114
502 16000006,940127455
503 16000008,093120856
504 16000009,188464506
505 16000010,229040885
506 16000011,21758835
507 16000012,156708343
508 16000013,048872232
509 16000013,896427823
510 16000014,701605527
511 16000015,466524238
512 16000016,193196904
513 16000016,88353583
514 16000017,539357703
515 16000018,162388377
516 16000018,754267411
517 16000019,316552391
518 16000019,850723023
519 16000020,358185025
520 16000020,840273831
521 16000021,298258103
522 16000021,733343072
523 16000022,146673705
524 16000022,53933772
525 16000022,912368454
526 16000023,26674757
527 16000023,603407653
528 16000023,923234658
529 16000024,227070242
530 16000024,515713979
531 16000024,789925462
532 16000025,050426308
533 16000025,297902051
534 16000025,533003949
535 16000025,756350696
536 16000025,968530051
537 16000026,170100387
538 16000026,361592157
539 16000026,543509291
540 16000026,716330525
541 16000026,880510652
542 16000027,036481733
543 16000027,18465422
544 16000027,325418044
545 16000027,459143642
546 16000027,586182926
547 16000027,706870213
548 16000027,821523104
549 16000027,93044332
550 16000028,033917498
551 16000028,132217938
552 16000028,22560333
553 16000028,31431943
554 16000028,398599701
555 16000028,478665935
556 16000028,554728836
557 16000028,626988571
558 16000028,695635302
559 16000028,760849677
560 16000028,822803317
561 16000028,881659256
562 16000028,937572382
563 16000028,990689838
564 16000029,041151406
565 16000029,089089882
566 16000029,134631421
567 16000029,177895872
568 16000029,218997087
569 16000029,258043231
570 16000029,295137057
571 16000029,330376182
572 16000029,363853341
573 16000029,395656632
574 16000029,42586975
575 16000029,454572203
576 16000029,481839526
577 16000029,507743476
578 16000029,53235222
579 16000029,555730522
580 16000029,577939902
581 16000029,599038806
582 16000029,619082758
583 16000029,638124509
584 16000029,656214166
585 16000029,673399335
586 16000029,68972524
587 16000029,705234846
588 16000029,719968967
589 16000029,733966378
590 16000029,747263916
591 16000029,759896573
592 16000029,771897592
593 16000029,783298558
594 16000029,794129472
595 16000029,804418838
596 16000029,814193731
597 16000029,823479878
598 16000029,832301715
599 16000029,840682458
600 16000029,848644162
601 16000029,856207777
602 16000029,86339321
603 16000029,870219368
604 16000029,876704218
605 16000029,882864824
606 16000029,888717396
607 16000029,894277338
608 16000029,899559282
609 16000029,904577127
610 16000029,909344079
611 16000029,913872682
612 16000029,918174854
613 16000029,922261914
614 16000029,926144622
615 16000029,929833192
616 16000029,933337335
617 16000029,936666267
618 16000029,939828753
619 16000029,942833114
620 16000029,945687257
621 16000029,94839869
622 16000029,950974552
623 16000029,953421619
624 16000029,955746332
625 16000029,95795481
626 16000029,96005286
627 16000029,96204601
628 16000029,963939501
629 16000029,965738317
630 16000029,967447191
631 16000029,969070623
632 16000029,970612882
633 16000029,972078027
634 16000029,973469915
635 16000029,974792209
636 16000029,976048386
637 16000029,977241755
638 16000029,978375454
639 16000029,979452468
640 16000029,980475632
641 16000029,981447637
642 16000029,982371042
643 16000029,983248275
644 16000029,984081646
645 16000029,98487335
646 16000029,985625468
647 16000029,98633998
648 16000029,987018766
649 16000029,987663612
650 16000029,988276215
651 16000029,98885819
652 16000029,989411065
653 16000029,989936296
654 16000029,990435265
655 16000029,990909286
656 16000029,991359605
657 16000029,991787408
658 16000029,99219382
659 16000029,992579913
660 16000029,992946701
661 16000029,99329515
662 16000029,993626175
663 16000029,99394065
664 16000029,9942394
665 16000029,994523212
666 16000029,994792834
667 16000029,995048976
668 16000029,99529231
669 16000029,995523477
670 16000029,995743087
671 16000029,995951714
672 16000029,99614991
673 16000029,996338198
674 16000029,99651707
675 16000029,996686999
676 16000029,99684843
677 16000029,997001791
678 16000029,997147484
679 16000029,997285891
680 16000029,99741738
681 16000029,997542292
682 16000029,99766096
683 16000029,997773694
684 16000029,99788079
685 16000029,997982532
686 16000029,998079186
687 16000029,99817101
688 16000029,99825824
689 16000029,99834111
690 16000029,998419836
691 16000029,998494627
692 16000029,998565678
693 16000029,998633176
694 16000029,9986973
695 16000029,998758215
696 16000029,998816086
697 16000029,998871064
698 16000029,998923292
699 16000029,99897291
700 16000029,999020046
701 16000029,999064825
702 16000029,999107366
703 16000029,99914778
704 16000029,999186173
705 16000029,999222646
706 16000029,999257294
707 16000029,999290211
708 16000029,999321481
709 16000029,999351189
710 16000029,999379411
711 16000029,999406222
712 16000029,999431692
713 16000029,99945589
714 16000029,999478877
715 16000029,999500714
716 16000029,99952146
717 16000029,999541169
718 16000029,999559892
719 16000029,999577679
720 16000029,999594577
721 16000029,999610629
722 16000029,999625878
723 16000029,999640366
724 16000029,99965413
725 16000029,999667205
726 16000029,999679625
727 16000029,999691425
728 16000029,999702634
729 16000029,999713283
730 16000029,9997234
731 16000029,999733012
732 16000029,999742143
733 16000029,999750817
734 16000029,999759058
735 16000029,999766886
736 16000029,999774324
737 16000029,999781389
738 16000029,9997881
739 16000029,999794476
740 16000029,999800533
741 16000029,999806289
742 16000029,999811755
743 16000029,999816949
744 16000029,999821883
745 16000029,99982657
746 16000029,999831023
747 16000029,999835253
748 16000029,99983927
749 16000029,999843089
750 16000029,999846715
751 16000029,999850161
752 16000029,999853434
753 16000029,999856543
754 16000029,999859497
755 16000029,999862304
756 16000029,99986497
757 16000029,999867503
758 16000029,99986991
759 16000029,999872195
760 16000029,999874366
761 16000029,999876428
762 16000029,999878388
763 16000029,99988025
764 16000029,99988202
765 16000029,9998837
766 16000029,999885296
767 16000029,999886813
768 16000029,999888252
769 16000029,999889622
770 16000029,999890922
771 16000029,999892157
772 16000029,99989333
773 16000029,999894446
774 16000029,999895506
775 16000029,999896511
776 16000029,999897467
777 16000029,999898374
778 16000029,999899236
779 16000029,999900056
780 16000029,999900835
781 16000029,999901574
782 16000029,999902276
783 16000029,999902943
784 16000029,999903576
785 16000029,999904178
786 16000029,99990475
787 16000029,999905294
788 16000029,99990581
789 16000029,9999063
790 16000029,999906765
791 16000029,999907209
792 16000029,99990763
793 16000029,99990803
794 16000029,99990841
795 16000029,999908771
796 16000029,999909114
797 16000029,99990944
798 16000029,99990975
799 16000029,999910044
800 16000029,999910323
801 16000029,999910587
802 16000029,999910839
803 16000029,999911077
804 16000029,999911305
805 16000029,99991152
806 16000029,999911726
807 16000029,999911921
808 16000029,999912106
809 16000029,999912282
810 16000029,99991245
811 16000029,999912608
812 16000029,99991276
813 16000029,999912903
814 16000029,999913039
815 16000029,999913167
816 16000029,99991329
817 16000029,999913407
818 16000029,99991352
819 16000029,999913625
820 16000029,999913726
821 16000029,999913821
822 16000029,99991391
823 16000029,999913996
824 16000029,999914078
825 16000029,999914156
826 16000029,999914229
827 16000029,999914298
828 16000029,999914365
829 16000029,999914428
830 16000029,999914488
831 16000029,999914546
832 16000029,9999146
833 16000029,999914652
834 16000029,9999147
835 16000029,999914747
836 16000029,999914791
837 16000029,999914832
838 16000029,999914872
839 16000029,999914909
840 16000029,999914944
841 16000029,999914978
842 16000029,99991501
843 16000029,99991504
844 16000029,999915069
845 16000029,999915097
846 16000029,999915123
847 16000029,999915147
848 16000029,999915171
849 16000029,999915194
850 16000029,999915216
851 16000029,999915237
852 16000029,999915255
853 16000029,999915274
854 16000029,99991529
855 16000029,999915307
856 16000029,999915324
857 16000029,999915339
858 16000029,999915354
859 16000029,999915367
860 16000029,99991538
861 16000029,999915393
862 16000029,999915404
863 16000029,999915415
864 16000029,999915427
865 16000029,999915436
866 16000029,999915445
867 16000029,999915455
868 16000029,999915464
869 16000029,999915471
870 16000029,999915479
871 16000029,999915486
872 16000029,999915494
873 16000029,999915501
874 16000029,999915507
875 16000029,999915512
876 16000029,999915518
877 16000029,999915523
878 16000029,999915529
879 16000029,999915535
880 16000029,999915538
881 16000029,999915542
882 16000029,999915546
883 16000029,99991555
884 16000029,999915553
885 16000029,999915557
886 16000029,99991556
887 16000029,999915564
888 16000029,999915568
889 16000029,999915572
890 16000029,999915574
891 16000029,999915576
892 16000029,999915577
893 16000029,99991558
894 16000029,999915581
895 16000029,999915583
896 16000029,999915585
897 16000029,999915587
898 16000029,999915589
899 16000029,99991559
900 16000029,999915592
901 16000029,999915594
902 16000029,999915596
903 16000029,999915598
904 16000029,9999156
905 16000029,999915602
906 16000029,999915604
907 16000029,999915605
908 16000029,999915607
909 16000029,999915607
910 16000029,999915607
911 16000029,999915607
912 16000029,999915607
913 16000029,999915607
914 16000029,999915607
915 16000029,999915607
916 16000029,999915607
917 16000029,999915607
918 16000029,999915607
919 16000029,999915607
920 16000029,999915607
921 16000029,999915607
922 16000029,999915607
923 16000029,999915607
924 16000029,999915607
925 16000029,999915607
926 16000029,999915607
927 16000029,999915607
928 16000029,999915607
929 16000029,999915607
930 16000029,999915607
931 16000029,999915607
932 16000029,999915607
933 16000029,999915607
934 16000029,999915607
935 16000029,999915607
936 16000029,999915607
937 16000029,999915607
938 16000029,999915607
939 16000029,999915607
940 16000029,999915607
941 16000029,999915607
942 16000029,999915607
943 16000029,999915607
944 16000029,999915607
945 16000029,999915607
946 16000029,999915607
947 16000029,999915607
948 16000029,999915607
949 16000029,999915607
950 16000029,999915607
951 16000029,999915607
952 16000029,999915607
953 16000029,999915607
954 16000029,999915607
955 16000029,999915607
956 16000029,999915607
957 16000029,999915607
958 16000029,999915607
959 16000029,999915607
960 16000029,999915607
961 16000029,999915607
962 16000029,999915607
963 16000029,999915607
964 16000029,999915607
965 16000029,999915607
966 16000029,999915607
967 16000029,999915607
968 16000029,999915607
969 16000029,999915607
970 16000029,999915607
971 16000029,999915607
972 16000029,999915607
973 16000029,999915607
974 16000029,999915607
975 16000029,999915607
976 16000029,999915607
977 16000029,999915607
978 16000029,999915607
979 16000029,999915607
980 16000029,999915607
981 16000029,999915607
982 16000029,999915607
983 16000029,999915607
984 16000029,999915607
985 16000029,999915607
986 16000029,999915607
987 16000029,999915607
988 16000029,999915607
989 16000029,999915607
990 16000029,999915607
991 16000029,999915607
992 16000029,999915607
993 16000029,999915607
994 16000029,999915607
995 16000029,999915607
996 16000029,999915607
997 16000029,999915607
998 16000029,999915607
999 16000029,999915607
